> table_test1<-read_excel('/Users/neonrocks/Desktop/抽样调查期末报告的副本/二手车成交信息的副本.xlsx')
> table_test1
# A tibble: 30 x 14
   X__3  X__2   X__1 厂商指导价 车辆归属地 品牌id 车系id  车型id   里程 最高有效出价
   <chr> <chr> <dbl>      <dbl> <chr>       <dbl>  <dbl>   <dbl>  <dbl>        <dbl>
 1 1     343     500      12.6  重庆市       1.00    614    5694  27676        66800
 2 2     352     521      19.4  北京市       1.00    333   13730  56268       101000
 3 3     476     692      12.0  深圳市       8.00   2871    4876  24266        78000
 4 4     404     598       9.98 苏州市       1.00    207    9617 162569        36900
 5 5     443     647      20.9  成都市      38.0     166    7371  84129       125600
 6 6     383     570      11.3  温州市      62.0    2886 9001123  11396        82600
 7 7     249     380      12.0  苏州市      63.0     425    8388 127971        27700
 8 8     168     259      67.5  上海市      36.0     197   12429 102347       212200
 9 9     478     696      12.5  宁波市      67.0     519   10808  55060        40100
10 10    427     627      22.0  太原市       1.00    496    6228  98058       138300
# ... with 20 more rows, and 4 more variables: 检测等级 <chr>, 有效出价数量 <dbl>,
#   商户成交价 <dbl>, 贬值率 <dbl>
> table_test1[,8]
# A tibble: 30 x 1
    车型id
     <dbl>
 1    5694
 2   13730
 3    4876
 4    9617
 5    7371
 6 9001123
 7    8388
 8   12429
 9   10808
10    6228
# ... with 20 more rows
> table_test1[,9]
# A tibble: 30 x 1
     里程
    <dbl>
 1  27676
 2  56268
 3  24266
 4 162569
 5  84129
 6  11396
 7 127971
 8 102347
 9  55060
10  98058
# ... with 20 more rows
> var(table_test1[,9])
           里程
里程 2653901973
> apply(table_test1[,9],2,mean)
    里程 
78221.17 
> xmean1=apply(table_test1[,9],2,mean)
> xsum=table_test[,9]-xmean
> xsum
    最高有效出价
1   127311.27767
2   -56088.72233
3    18411.27767
4     7111.27767
5   329311.27767
6   -11988.72233
7    48111.27767
8   -53788.72233
9    18011.27767
10   18611.27767
11  -26388.72233
12   19111.27767
13  -52188.72233
14  243211.27767
15  185111.27767
16   42911.27767
17   -7088.72233
18  -22788.72233
19  -34088.72233
20   79111.27767
21  -24388.72233
22   53011.27767
23   12311.27767
24  153211.27767
25  122111.27767
26  -48888.72233
27  -40988.72233
28   14011.27767
29  -46288.72233
30   22111.27767
31  -18588.72233
32  -12688.72233
33  -37788.72233
34   72911.27767
35  -40388.72233
36   14911.27767
37  -31788.72233
38   14111.27767
39  -18988.72233
40  -37088.72233
41   -1988.72233
42  -30088.72233
43   69711.27767
44  -17888.72233
45   16711.27767
46  -57888.72233
47    4411.27767
48   50011.27767
49  -34488.72233
50   -8988.72233
51   15011.27767
52   -9688.72233
53   55911.27767
54   35411.27767
55   27111.27767
56  -36888.72233
57   -8988.72233
58    7111.27767
59   99611.27767
60   25111.27767
61    2111.27767
62   -1188.72233
63  -59788.72233
64  -24888.72233
65   53911.27767
66  -14888.72233
67   56711.27767
68  -27688.72233
69   34711.27767
70   28911.27767
71  -58388.72233
72  -38988.72233
73  -31888.72233
74  -12888.72233
75   13011.27767
76  -31988.72233
77   13711.27767
78  -22288.72233
79  -31288.72233
80    -788.72233
81  -40988.72233
82   32411.27767
83  -47088.72233
84  -19788.72233
85   15011.27767
86  -62088.72233
87  -21688.72233
88  -19888.72233
89   -1688.72233
90  -50688.72233
91   76611.27767
92  -34788.72233
93  -20088.72233
94  -16788.72233
95   34011.27767
96   -4988.72233
97   42111.27767
98   69111.27767
99    9211.27767
100  -8788.72233
101  -7588.72233
102   8911.27767
103  49711.27767
104 -16588.72233
105 -31388.72233
106  26011.27767
107 -57988.72233
108 -56988.72233
109  72911.27767
110 -39388.72233
111  62811.27767
112 -20088.72233
113 -17388.72233
114 -56688.72233
115  28211.27767
116 -57088.72233
117 -61888.72233
118 -39088.72233
119   -788.72233
120 -49088.72233
121 -30888.72233
122 -19888.72233
123 -16088.72233
124 -39288.72233
125  10111.27767
126 -14788.72233
127 -20088.72233
128 -49988.72233
129  17111.27767
130 -11688.72233
131 -14388.72233
132 -19188.72233
133  13811.27767
134   -888.72233
135 -57388.72233
136 216011.27767
137  86111.27767
138  -5788.72233
139   -688.72233
140 -38088.72233
141  -5188.72233
142  -8088.72233
143  17111.27767
144 -44888.72233
145 -57288.72233
146 -40188.72233
147 124011.27767
148  40011.27767
149 -64088.72233
150 319911.27767
151 -31088.72233
152 -44088.72233
153 235411.27767
154  55011.27767
155  40911.27767
156  65711.27767
157 -38088.72233
158 213011.27767
159 -20788.72233
160 -28088.72233
161  37111.27767
162  54211.27767
163 209111.27767
164 -21988.72233
165 -42888.72233
166 -61988.72233
167 -39088.72233
168 139311.27767
169   6011.27767
170 160111.27767
171 126011.27767
172 -52288.72233
173 -35088.72233
174 -42788.72233
175 -25588.72233
176   5111.27767
177  22611.27767
178 -20988.72233
179 -40688.72233
180  74811.27767
181  46011.27767
182 262111.27767
183  57111.27767
184 -10088.72233
185 -10088.72233
186 -22088.72233
187   2411.27767
188  43411.27767
189 -40888.72233
190 115911.27767
191 -49188.72233
192 -44888.72233
193 189211.27767
194  58011.27767
195 -44388.72233
196 -59788.72233
197 -10688.72233
198   7111.27767
199   3911.27767
200  30911.27767
201  15711.27767
202   2411.27767
203  -2888.72233
204  -6988.72233
205  47111.27767
206 -10088.72233
207 189111.27767
208 -35888.72233
209 -27388.72233
210 -46088.72233
211 -52088.72233
212  18811.27767
213 -39288.72233
214 -36988.72233
215  19211.27767
216  32111.27767
217  11011.27767
218 -42488.72233
219 -45088.72233
220 -16588.72233
221 -33488.72233
222 -51888.72233
223 102911.27767
224 -34088.72233
225  -9988.72233
226  85911.27767
227 -31988.72233
228 -17588.72233
229  18111.27767
230    911.27767
231 -51088.72233
232 -24788.72233
233  47111.27767
234  74011.27767
235 -24388.72233
236  29211.27767
237 -32288.72233
238  -6788.72233
239   -888.72233
240  29211.27767
241 -53088.72233
242 100211.27767
243 -21288.72233
244 -34088.72233
245  82211.27767
246 215111.27767
247  38711.27767
248 -18288.72233
249 -45188.72233
250 -47388.72233
251 178111.27767
252 -56988.72233
253  13411.27767
254 -41088.72233
255  25111.27767
256  75111.27767
257 -22588.72233
258 -62888.72233
259 229111.27767
260 202111.27767
261   8211.27767
262  75111.27767
263 -19888.72233
264 113311.27767
265  70711.27767
266 -54088.72233
267  -9088.72233
268 -47088.72233
269   2311.27767
270 257111.27767
271  83911.27767
272  -5088.72233
273 105111.27767
274 -11788.72233
275 -56888.72233
276  95311.27767
277  29211.27767
278 -21588.72233
279 333011.27767
280  12211.27767
281  16011.27767
282 117111.27767
283 -10788.72233
284  93411.27767
285 147111.27767
286 -49888.72233
287 -10588.72233
288 -27388.72233
289 -18888.72233
290 -41088.72233
291  19011.27767
292 178911.27767
293 -48688.72233
294 140011.27767
295 -48488.72233
296 -32088.72233
297 -59888.72233
298 -24588.72233
299     11.27767
300 -35788.72233
301  34011.27767
302  -4088.72233
303  77111.27767
304 -30388.72233
305  42911.27767
306 -18988.72233
307    111.27767
308 -35688.72233
309 -20988.72233
310 -61188.72233
311 -22788.72233
312 -44588.72233
313   3611.27767
314 -24888.72233
315 -46088.72233
316 -27388.72233
317  12211.27767
318  14211.27767
319  31411.27767
320   5911.27767
321  73411.27767
322 -25988.72233
323 -11088.72233
324  79311.27767
325  72111.27767
326 -50688.72233
327 -27388.72233
328 -26088.72233
329 129011.27767
330 -14288.72233
331   2311.27767
332 -11188.72233
333 -47088.72233
334  11011.27767
335 -46888.72233
336  15111.27767
337 -10088.72233
338 -26388.72233
339 -51488.72233
340 -29588.72233
341   5911.27767
342  -4788.72233
343  -6088.72233
344 -36788.72233
345  20411.27767
346  -2888.72233
347 -28788.72233
348 -24388.72233
349 -27788.72233
350  10611.27767
351  18711.27767
352  28111.27767
353 -22788.72233
354 -34988.72233
355  -4888.72233
356 -22888.72233
357 -37788.72233
358 -41288.72233
359  82111.27767
360  40211.27767
361 -33588.72233
362  44011.27767
363 -36888.72233
364 -44888.72233
365 -39088.72233
366  -1788.72233
367 -31788.72233
368 -56388.72233
369  35911.27767
370 -14088.72233
371 -13888.72233
372  34211.27767
373 -34088.72233
374 -60788.72233
375  32911.27767
376 -52888.72233
377 -29888.72233
378    -88.72233
379 -28488.72233
380 -34588.72233
381  37111.27767
382 -60288.72233
383   9711.27767
384 -19588.72233
385 -37788.72233
386 -41388.72233
387 -30788.72233
388  59911.27767
389 -60788.72233
390  36111.27767
391  50511.27767
392 -21488.72233
393 -34688.72233
394  63111.27767
395  12111.27767
396 -20388.72233
397 -25388.72233
398  72111.27767
399 -44888.72233
400  43411.27767
401 -54088.72233
402 -26588.72233
403 -32588.72233
404 -35988.72233
405  27111.27767
406 -56788.72233
407 -46188.72233
408 -39588.72233
409 -47388.72233
410  20111.27767
411   2811.27767
412  28311.27767
413 -22988.72233
414 -35888.72233
415  14011.27767
416 -27288.72233
417    -88.72233
418 -51588.72233
419 -39588.72233
420 -13088.72233
421 -50588.72233
422 -24888.72233
423 -20088.72233
424  15111.27767
425  11011.27767
426 -40888.72233
427  65411.27767
428 -31988.72233
429 -35388.72233
430  30911.27767
431 -66388.72233
432  73111.27767
433 -22088.72233
434 -15988.72233
435  39111.27767
436 -54088.72233
437 -44788.72233
438    911.27767
439  18011.27767
440  52211.27767
441 -41888.72233
442 -12888.72233
443  52711.27767
444 -31188.72233
445 -37088.72233
446 -44088.72233
447 -53088.72233
448   9411.27767
449   6211.27767
450 -44088.72233
451  17111.27767
452 -49888.72233
453 -26988.72233
454 -21888.72233
455  88611.27767
456 -41888.72233
457 -41988.72233
458  43911.27767
459  -3888.72233
460  28911.27767
461 -37188.72233
462  22211.27767
463 -16188.72233
464 -26288.72233
465 -16888.72233
466 -15088.72233
467 -55088.72233
468 -61888.72233
469 -26088.72233
470  12211.27767
471 -54988.72233
472 -50988.72233
473 -36288.72233
474  41111.27767
475   -188.72233
476   5111.27767
477 -30888.72233
478 -32788.72233
479  49311.27767
480  21411.27767
481  -5788.72233
482  53111.27767
483 -61388.72233
484  12111.27767
485 -14688.72233
486 133011.27767
487 -20788.72233
488  17211.27767
489   6711.27767
490 162111.27767
491  -4788.72233
492  65111.27767
493 -51888.72233
494 -52888.72233
495 128311.27767
496 -46988.72233
497   -288.72233
> Syx
[1] -177114.6
> xsum=(table_test[,9]-xmean)**2
> xsum
       最高有效出价
  [1,] 1.620816e+10
  [2,] 3.145945e+09
  [3,] 3.389751e+08
  [4,] 5.057027e+07
  [5,] 1.084459e+11
  [6,] 1.437295e+08
  [7,] 2.314695e+09
  [8,] 2.893227e+09
  [9,] 3.244061e+08
 [10,] 3.463797e+08
 [11,] 6.963647e+08
 [12,] 3.652409e+08
 [13,] 2.723663e+09
 [14,] 5.915173e+10
 [15,] 3.426619e+10
 [16,] 1.841378e+09
 [17,] 5.024998e+07
 [18,] 5.193259e+08
 [19,] 1.162041e+09
 [20,] 6.258594e+09
 [21,] 5.948098e+08
 [22,] 2.810196e+09
 [23,] 1.515676e+08
 [24,] 2.347370e+10
 [25,] 1.491116e+10
 [26,] 2.390107e+09
 [27,] 1.680075e+09
 [28,] 1.963159e+08
 [29,] 2.142646e+09
 [30,] 4.889086e+08
 [31,] 3.455406e+08
 [32,] 1.610037e+08
 [33,] 1.427988e+09
 [34,] 5.316054e+09
 [35,] 1.631249e+09
 [36,] 2.223462e+08
 [37,] 1.010523e+09
 [38,] 1.991282e+08
 [39,] 3.605716e+08
 [40,] 1.375573e+09
 [41,] 3.955017e+06
 [42,] 9.053312e+08
 [43,] 4.859662e+09
 [44,] 3.200064e+08
 [45,] 2.792668e+08
 [46,] 3.351104e+09
 [47,] 1.945937e+07
 [48,] 2.501128e+09
 [49,] 1.189472e+09
 [50,] 8.079713e+07
 [51,] 2.253385e+08
 [52,] 9.387134e+07
 [53,] 3.126071e+09
 [54,] 1.253959e+09
 [55,] 7.350214e+08
 [56,] 1.360778e+09
 [57,] 8.079713e+07
 [58,] 5.057027e+07
 [59,] 9.922407e+09
 [60,] 6.305763e+08
 [61,] 4.457493e+06
 [62,] 1.413061e+06
 [63,] 3.574691e+09
 [64,] 6.194485e+08
 [65,] 2.906426e+09
 [66,] 2.216741e+08
 [67,] 3.216169e+09
 [68,] 7.666653e+08
 [69,] 1.204873e+09
 [70,] 8.358620e+08
 [71,] 3.409243e+09
 [72,] 1.520120e+09
 [73,] 1.016891e+09
 [74,] 1.661192e+08
 [75,] 1.692933e+08
 [76,] 1.023278e+09
 [77,] 1.879991e+08
 [78,] 4.967871e+08
 [79,] 9.789841e+08
 [80,] 6.220829e+05
 [81,] 1.680075e+09
 [82,] 1.050491e+09
 [83,] 2.217348e+09
 [84,] 3.915935e+08
 [85,] 2.253385e+08
 [86,] 3.855009e+09
 [87,] 4.704007e+08
 [88,] 3.955613e+08
 [89,] 2.851783e+06
 [90,] 2.569347e+09
 [91,] 5.869288e+09
 [92,] 1.210255e+09
 [93,] 4.035568e+08
 [94,] 2.818612e+08
 [95,] 1.156767e+09
 [96,] 2.488735e+07
 [97,] 1.773360e+09
 [98,] 4.776369e+09
 [99,] 8.484764e+07
[100,] 7.724164e+07
[101,] 5.758871e+07
[102,] 7.941087e+07
[103,] 2.471211e+09
[104,] 2.751857e+08
[105,] 9.852519e+08
[106,] 6.765866e+08
[107,] 3.362692e+09
[108,] 3.247714e+09
[109,] 5.316054e+09
[110,] 1.551471e+09
[111,] 3.945257e+09
[112,] 4.035568e+08
[113,] 3.023677e+08
[114,] 3.213611e+09
[115,] 7.958762e+08
[116,] 3.259122e+09
[117,] 3.830214e+09
[118,] 1.527928e+09
[119,] 6.220829e+05
[120,] 2.409703e+09
[121,] 9.541132e+08
[122,] 3.955613e+08
[123,] 2.588470e+08
[124,] 1.543604e+09
[125,] 1.022379e+08
[126,] 2.187063e+08
[127,] 4.035568e+08
[128,] 2.498872e+09
[129,] 2.927958e+08
[130,] 1.366262e+08
[131,] 2.070353e+08
[132,] 3.682071e+08
[133,] 1.907514e+08
[134,] 7.898274e+05
[135,] 3.293465e+09
[136,] 4.666087e+10
[137,] 7.415152e+09
[138,] 3.350931e+07
[139,] 4.743385e+05
[140,] 1.450751e+09
[141,] 2.692284e+07
[142,] 6.542743e+07
[143,] 2.927958e+08
[144,] 2.014997e+09
[145,] 3.281998e+09
[146,] 1.615133e+09
[147,] 1.537880e+10
[148,] 1.600902e+09
[149,] 4.107364e+09
[150,] 1.023432e+11
[151,] 9.665087e+08
[152,] 1.943815e+09
[153,] 5.541847e+10
[154,] 3.026241e+09
[155,] 1.673733e+09
[156,] 4.317972e+09
[157,] 1.450751e+09
[158,] 4.537380e+10
[159,] 4.321710e+08
[160,] 7.889763e+08
[161,] 1.377247e+09
[162,] 2.938863e+09
[163,] 4.372753e+10
[164,] 4.835039e+08
[165,] 1.839443e+09
[166,] 3.842602e+09
[167,] 1.527928e+09
[168,] 1.940763e+10
[169,] 3.613546e+07
[170,] 2.563562e+10
[171,] 1.587884e+10
[172,] 2.734110e+09
[173,] 1.231218e+09
[174,] 1.830875e+09
[175,] 6.547827e+08
[176,] 2.612516e+07
[177,] 5.112699e+08
[178,] 4.405265e+08
[179,] 1.655572e+09
[180,] 5.596727e+09
[181,] 2.117038e+09
[182,] 6.870232e+10
[183,] 3.261698e+09
[184,] 1.017823e+08
[185,] 1.017823e+08
[186,] 4.879117e+08
[187,] 5.814260e+06
[188,] 1.884539e+09
[189,] 1.671888e+09
[190,] 1.343542e+10
[191,] 2.419530e+09
[192,] 2.014997e+09
[193,] 3.580091e+10
[194,] 3.365308e+09
[195,] 1.970359e+09
[196,] 3.574691e+09
[197,] 1.142488e+08
[198,] 5.057027e+07
[199,] 1.529809e+07
[200,] 9.555071e+08
[201,] 2.468442e+08
[202,] 5.814260e+06
[203,] 8.344717e+06
[204,] 4.884224e+07
[205,] 2.219472e+09
[206,] 1.017823e+08
[207,] 3.576308e+10
[208,] 1.288000e+09
[209,] 7.501421e+08
[210,] 2.124170e+09
[211,] 2.713235e+09
[212,] 3.538642e+08
[213,] 1.543604e+09
[214,] 1.368166e+09
[215,] 3.690732e+08
[216,] 1.031134e+09
[217,] 1.212482e+08
[218,] 1.805292e+09
[219,] 2.032993e+09
[220,] 2.751857e+08
[221,] 1.121495e+09
[222,] 2.692440e+09
[223,] 1.059073e+10
[224,] 1.162041e+09
[225,] 9.977457e+07
[226,] 7.380748e+09
[227,] 1.023278e+09
[228,] 3.093632e+08
[229,] 3.280184e+08
[230,] 8.304270e+05
[231,] 2.610058e+09
[232,] 6.144808e+08
[233,] 2.219472e+09
[234,] 5.477669e+09
[235,] 5.948098e+08
[236,] 8.532987e+08
[237,] 1.042562e+09
[238,] 4.608675e+07
[239,] 7.898274e+05
[240,] 8.532987e+08
[241,] 2.818412e+09
[242,] 1.004230e+10
[243,] 4.532097e+08
[244,] 1.162041e+09
[245,] 6.758694e+09
[246,] 4.627286e+10
[247,] 1.498563e+09
[248,] 3.344774e+08
[249,] 2.042021e+09
[250,] 2.245691e+09
[251,] 3.172363e+10
[252,] 3.247714e+09
[253,] 1.798624e+08
[254,] 1.688283e+09
[255,] 6.305763e+08
[256,] 5.641704e+09
[257,] 5.102504e+08
[258,] 3.954991e+09
[259,] 5.249198e+10
[260,] 4.084897e+10
[261,] 6.742508e+07
[262,] 5.641704e+09
[263,] 3.955613e+08
[264,] 1.283945e+10
[265,] 5.000085e+09
[266,] 2.925590e+09
[267,] 8.260487e+07
[268,] 2.217348e+09
[269,] 5.342004e+06
[270,] 6.610621e+10
[271,] 7.041103e+09
[272,] 2.589509e+07
[273,] 1.104838e+10
[274,] 1.389740e+08
[275,] 3.236327e+09
[276,] 9.084240e+09
[277,] 8.532987e+08
[278,] 4.660729e+08
[279,] 1.108965e+11
[280,] 1.491153e+08
[281,] 2.563610e+08
[282,] 1.371505e+10
[283,] 1.163965e+08
[284,] 8.725667e+09
[285,] 2.164173e+10
[286,] 2.488885e+09
[287,] 1.121210e+08
[288,] 7.501421e+08
[289,] 3.567838e+08
[290,] 1.688283e+09
[291,] 3.614287e+08
[292,] 3.200925e+10
[293,] 2.370592e+09
[294,] 1.960316e+10
[295,] 2.351156e+09
[296,] 1.029686e+09
[297,] 3.586659e+09
[298,] 6.046053e+08
[299,] 1.271858e+02
[300,] 1.280833e+09
[301,] 1.156767e+09
[302,] 1.671765e+07
[303,] 5.946149e+09
[304,] 9.234744e+08
[305,] 1.841378e+09
[306,] 3.605716e+08
[307,] 1.238272e+04
[308,] 1.273685e+09
[309,] 4.405265e+08
[310,] 3.744060e+09
[311,] 5.193259e+08
[312,] 1.988154e+09
[313,] 1.304133e+07
[314,] 6.194485e+08
[315,] 2.124170e+09
[316,] 7.501421e+08
[317,] 1.491153e+08
[318,] 2.019604e+08
[319,] 9.866684e+08
[320,] 3.494320e+07
[321,] 5.389216e+09
[322,] 6.754137e+08
[323,] 1.229598e+08
[324,] 6.290279e+09
[325,] 5.200036e+09
[326,] 2.569347e+09
[327,] 7.501421e+08
[328,] 6.806214e+08
[329,] 1.664391e+10
[330,] 2.041676e+08
[331,] 5.342004e+06
[332,] 1.251875e+08
[333,] 2.217348e+09
[334,] 1.212482e+08
[335,] 2.198552e+09
[336,] 2.283507e+08
[337,] 1.017823e+08
[338,] 6.963647e+08
[339,] 2.651089e+09
[340,] 8.754925e+08
[341,] 3.494320e+07
[342,] 2.293186e+07
[343,] 3.707254e+07
[344,] 1.353410e+09
[345,] 4.166203e+08
[346,] 8.344717e+06
[347,] 8.287905e+08
[348,] 5.948098e+08
[349,] 7.722131e+08
[350,] 1.125992e+08
[351,] 3.501119e+08
[352,] 7.902439e+08
[353,] 5.193259e+08
[354,] 1.224211e+09
[355,] 2.389961e+07
[356,] 5.238936e+08
[357,] 1.427988e+09
[358,] 1.704759e+09
[359,] 6.742262e+09
[360,] 1.616947e+09
[361,] 1.128202e+09
[362,] 1.936993e+09
[363,] 1.360778e+09
[364,] 2.014997e+09
[365,] 1.527928e+09
[366,] 3.199528e+06
[367,] 1.010523e+09
[368,] 3.179688e+09
[369,] 1.289620e+09
[370,] 1.984921e+08
[371,] 1.928966e+08
[372,] 1.170412e+09
[373,] 1.162041e+09
[374,] 3.695269e+09
[375,] 1.083152e+09
[376,] 2.797217e+09
[377,] 8.933357e+08
[378,] 7.871653e+03
[379,] 8.116073e+08
[380,] 1.196380e+09
[381,] 1.377247e+09
[382,] 3.634730e+09
[383,] 9.430891e+07
[384,] 3.837180e+08
[385,] 1.427988e+09
[386,] 1.713026e+09
[387,] 9.479454e+08
[388,] 3.589361e+09
[389,] 3.695269e+09
[390,] 1.304024e+09
[391,] 2.551389e+09
[392,] 4.617652e+08
[393,] 1.203307e+09
[394,] 3.983033e+09
[395,] 1.466830e+08
[396,] 4.157000e+08
[397,] 6.445872e+08
[398,] 5.200036e+09
[399,] 2.014997e+09
[400,] 1.884539e+09
[401,] 2.925590e+09
[402,] 7.069602e+08
[403,] 1.062025e+09
[404,] 1.295188e+09
[405,] 7.350214e+08
[406,] 3.224959e+09
[407,] 2.133398e+09
[408,] 1.567267e+09
[409,] 2.245691e+09
[410,] 4.044635e+08
[411,] 7.903282e+06
[412,] 8.015284e+08
[413,] 5.284814e+08
[414,] 1.288000e+09
[415,] 1.963159e+08
[416,] 7.446744e+08
[417,] 7.871653e+03
[418,] 2.661396e+09
[419,] 1.567267e+09
[420,] 1.713147e+08
[421,] 2.559219e+09
[422,] 6.194485e+08
[423,] 4.035568e+08
[424,] 2.283507e+08
[425,] 1.212482e+08
[426,] 1.671888e+09
[427,] 4.278635e+09
[428,] 1.023278e+09
[429,] 1.252362e+09
[430,] 9.555071e+08
[431,] 4.407462e+09
[432,] 5.345259e+09
[433,] 4.879117e+08
[434,] 2.556392e+08
[435,] 1.529692e+09
[436,] 2.925590e+09
[437,] 2.006030e+09
[438,] 8.304270e+05
[439,] 3.244061e+08
[440,] 2.726018e+09
[441,] 1.754665e+09
[442,] 1.661192e+08
[443,] 2.778479e+09
[444,] 9.727364e+08
[445,] 1.375573e+09
[446,] 1.943815e+09
[447,] 2.818412e+09
[448,] 8.857215e+07
[449,] 3.857997e+07
[450,] 1.943815e+09
[451,] 2.927958e+08
[452,] 2.488885e+09
[453,] 7.283911e+08
[454,] 4.791162e+08
[455,] 7.851959e+09
[456,] 1.754665e+09
[457,] 1.763053e+09
[458,] 1.928200e+09
[459,] 1.512216e+07
[460,] 8.358620e+08
[461,] 1.383001e+09
[462,] 4.933409e+08
[463,] 2.620747e+08
[464,] 6.910969e+08
[465,] 2.852289e+08
[466,] 2.276695e+08
[467,] 3.034767e+09
[468,] 3.830214e+09
[469,] 6.806214e+08
[470,] 1.491153e+08
[471,] 3.023760e+09
[472,] 2.599850e+09
[473,] 1.316871e+09
[474,] 1.690137e+09
[475,] 3.561612e+04
[476,] 2.612516e+07
[477,] 9.541132e+08
[478,] 1.075100e+09
[479,] 2.431602e+09
[480,] 4.584428e+08
[481,] 3.350931e+07
[482,] 2.820808e+09
[483,] 3.768575e+09
[484,] 1.466830e+08
[485,] 2.157586e+08
[486,] 1.769200e+10
[487,] 4.321710e+08
[488,] 2.962281e+08
[489,] 4.504125e+07
[490,] 2.628007e+10
[491,] 2.293186e+07
[492,] 4.239478e+09
[493,] 2.692440e+09
[494,] 2.797217e+09
[495,] 1.646378e+10
[496,] 2.207940e+09
[497,] 8.336059e+04
> xsum=sum(xsum)
> xsum
[1] 2.014102e+12
> b=Syx/xsum
> b
[1] -8.793726e-08
> yst
   贬值率 
0.4465784 
> y2mean
   贬值率 
0.4633779 
> y2meanProp=yst+(xmean-xst)*b
> y2meanProp
   贬值率 
0.4470473 
> xmean
    里程 
72888.72 
> xst
    里程 
78221.17 
> strateSampling
    X__2 X__1 厂商指导价 车辆归属地 品牌id 车系id  车型id   里程 最高有效出价 检测等级
112  112  170      13.49     青岛市     71    657    2648  21888        52800     四级
263  263  399       8.69     长沙市     38    875 9002704  15148        53000     二级
383  383  570      11.28     温州市     62   2886 9001123  11396        82600     一级
400  400  592      23.98     南京市      1    528   14278  22597       116300     四级
410  410  605      11.98     东莞市      8   3347 9000988  12814        93000     一级
36    36   55      18.99     重庆市     12     50   14233  78094        87800     二级
52    52   85      16.28     郑州市      1    442   13663  87002        63200     三级
77    77  121      12.88     成都市    181   2123 9001127  52338        86600     三级
113  113  172       9.89     昆明市      8    659    5189  82637        55500     三级
159  159  246       9.99     杭州市      1 900360 9005950  99825        52100     二级
235  235  363      14.98     北京市     19    537   11671  82903        48500     三级
243  243  374      11.28     苏州市      1    614   13092  89167        51600     三级
270  270  408      55.96     济南市     15     65    4180  74651       330000     三级
327  327  480       9.48     南京市     72     98 9001162  57779        45500     三级
330  330  483      10.38     南京市     72    639 9005174  77453        58600     三级
332  332  485      17.98     杨陵区      1    826   11020  71752        61700     四级
370  370  550       9.99     深圳市     62   2319    4076  70804        58800     二级
463  463  674      18.15     长沙市     38    982   11985  74891        56700     四级
74    74  118      17.98     上海市     58     22   10094 124127        60000     四级
92    92  144      10.88     成都市     53    529   10799 114699        38100     三级
178  178  278       9.99     杭州市      1 900360 9005950 100863        51900     三级
402  402  594       9.69     南京市     38    875    5075 146967        46300     三级
134  134  200       8.98     青岛市     14   3859 9004282  46559        72000     二级
248  248  379       8.48     南京市     84   3080 9000183  47876        54600     二级
306  306  454      12.85     宁波市     67    519    1916  38501        53900     二级
313  313  463      10.99     宁波市     71    657 9001196  39189        76500     三级
436  436  638       5.49     成都市     76   2119   13401  47299        18800     三级
477  477  694       8.59     深圳市      1    145   13740  41384        42000     二级
107  107  163      11.38     苏州市     12     51    6714 159432        14900     四级
231  231  355      12.18     北京市      1     15    8507 167954        21800     四级
    有效出价数量 商户成交价    贬值率 按里程分层类别 ID_unit       Prob Stratum
112           31       5.19 0.3847294              1     112 0.06172840       1
263           29       5.19 0.5972382              1     263 0.06172840       1
383          100       8.23 0.7296099              1     383 0.06172840       1
400           37      11.56 0.4820684              1     400 0.06172840       1
410           54       9.20 0.7679466              1     410 0.06172840       1
36            20       8.56 0.4507636              3      36 0.05936073       2
52            59       6.29 0.3863636              3      52 0.05936073       2
77            40       8.47 0.6576087              3      77 0.05936073       2
113           14       5.50 0.5561173              3     113 0.05936073       2
159           24       5.19 0.5195195              3     159 0.05936073       2
235           12       4.71 0.3144192              3     235 0.05936073       2
243           40       5.06 0.4485816              3     243 0.05936073       2
270           24      32.90 0.5879199              3     270 0.05936073       2
327            5       4.41 0.4651899              3     327 0.05936073       2
330            8       5.80 0.5587669              3     330 0.05936073       2
332           10       6.03 0.3353726              3     332 0.05936073       2
370           53       5.73 0.5735736              3     370 0.05936073       2
463           23       5.55 0.3057851              3     463 0.05936073       2
74            39       5.83 0.3242492              4      74 0.05263158       3
92            28       3.71 0.3409926              4      92 0.05263158       3
178           19       5.19 0.5195195              4     178 0.05263158       3
402           19       4.53 0.4674923              4     402 0.05263158       3
134           34       7.15 0.7962138              2     134 0.06818182       4
248           30       5.38 0.6344340              2     248 0.06818182       4
306           16       5.31 0.4132296              2     306 0.06818182       4
313           20       7.60 0.6915378              2     313 0.06818182       4
436           12       1.82 0.3315118              2     436 0.06818182       4
477           20       4.09 0.4761350              2     477 0.06818182       4
107           26       1.46 0.1282953              5     107 0.06060606       5
231            5       2.13 0.1748768              5     231 0.06060606       5
> strateSampling[,9]
 [1]  52800  53000  82600 116300  93000  87800  63200  86600  55500  52100  48500  51600
[13] 330000  45500  58600  61700  58800  56700  60000  38100  51900  46300  72000  54600
[25]  53900  76500  18800  42000  14900  21800
> strateSampling[,8]
 [1]  21888  15148  11396  22597  12814  78094  87002  52338  82637  99825  82903  89167
[13]  74651  57779  77453  71752  70804  74891 124127 114699 100863 146967  46559  47876
[25]  38501  39189  47299  41384 159432 167954
> ym1=mean(strateSampling[1:5,13])
> ym1
[1] 0.5923185
> ym2=mean(strateSampling[6:18,13]);ym3=mean(strateSampling[19:22,13]);ym4=var(strateSampling[23:28,13]);ym5=mean(strateSampling[29:30,13])
> ySumM=((87/497))*ym1+((219/497))*ym2+((76/497))*ym3+((88/497))*ym4+((33/497))*ym5
> ySumM
[1] 0.3913558
> xm2=mean(strateSampling[6:18,8]);xm3=mean(strateSampling[19:22,8]);xm4=var(strateSampling[23:28,8]);xm5=mean(strateSampling[29:30,8])
> xm1=mean(strateSampling[1:5,8])
> xSumM=((87/497))*xm1+((219/497))*xm2+((76/497))*xm3+((88/497))*xm4+((33/497))*xm5
> Rc=ySumM/xSumM
> Rc
[1] 1.190148e-07
> xmean
    里程 
72888.72 
> y2mean
   贬值率 
0.4633779 
> yRc=Rc*xmean
> yRc
       里程 
0.008674837 
> xSumM
[1] 3288295
> xm1
[1] 16768.6
> xm2
[1] 76868.92
> xm3
[1] 121664
> xm4
[1] 18197058
> xm5
[1] 163693
> strateSampling[,8]
 [1]  21888  15148  11396  22597  12814  78094  87002  52338  82637  99825  82903  89167
[13]  74651  57779  77453  71752  70804  74891 124127 114699 100863 146967  46559  47876
[25]  38501  39189  47299  41384 159432 167954
> xm2=mean(strateSampling[6:18,8]);xm3=mean(strateSampling[19:22,8]);xm4=mean(strateSampling[23:28,8]);xm5=mean(strateSampling[29:30,8])
> xSumM=((87/497))*xm1+((219/497))*xm2+((76/497))*xm3+((88/497))*xm4+((33/497))*xm5
> Rc=ySumM/xSumM
> yRc=Rc*xmean
> yRc
     里程 
0.3855974 
> xSumM
[1] 73977.22
> Rc
[1] 5.29022e-06
> Syx1=(1/4)*sum((strateSampling[1:5,13]-ym1)*(strateSampling[1:5,8]-xm1))
> Syx1
[1] -786.3592
> Syx2=(1/12)*sum((strateSampling[6:18,13]-ym2)*(strateSampling[6:18,8]-xm2))
> Syx3=(1/3)*sum((strateSampling[19:22,13]-ym3)*(strateSampling[19:22,8]-xm3))
> Syx4=(1/5)*sum((strateSampling[23:28,13]-ym4)*(strateSampling[23:28,8]-xm4))
> Syx5=(1/1)*sum((strateSampling[29:30,13]-ym5)*(strateSampling[29:30,8]-xm5))
> f1
[1] 0.0617284
> Sx1=(1/4)*sum((strateSampling[1:5,8]-xm1)**2)
> Sx1
[1] 26827135
> var(strateSampling[1:5,8])
[1] 26827135
> Sx1=var(strateSampling[1:5,8]);Sx2=var(strateSampling[6:18,8]);Sx3=var(strateSampling[19:22,8]);Sx4=var(strateSampling[23:28,8]);Sx5=var(strateSampling[29:30,8])
> bc1=(W1**2)*((1-f1)/5)*Syx1+(W2**2)*((1-f2)/13)*Syx2+(W3**2)*((1-f3)/4)*Syx3+(W4**2)*((1-f4)/6)*Syx4+(W5**2)*((1-f5)/2)*Syx5
> bc2=(W1**2)*((1-f1)/5)*Sx1+(W2**2)*((1-f2)/13)*Sx2+(W3**2)*((1-f3)/4)*Sx3+(W4**2)*((1-f4)/6)*Sx4+(W5**2)*((1-f5)/2)*Sx5
> bc=bc1/bc2
> bc
[1] -2.092826e-06
> yst
   贬值率 
0.4465784 
> yst=apply(strateSampling[,13],2,mean)
Error in apply(strateSampling[, 13], 2, mean) : dim(X)的值必需是正数
> y=strateSampling[,13]
> y
 [1] 0.3847294 0.5972382 0.7296099 0.4820684 0.7679466 0.4507636 0.3863636 0.6576087
 [9] 0.5561173 0.5195195 0.3144192 0.4485816 0.5879199 0.4651899 0.5587669 0.3353726
[17] 0.5735736 0.3057851 0.3242492 0.3409926 0.5195195 0.4674923 0.7962138 0.6344340
[25] 0.4132296 0.6915378 0.3315118 0.4761350 0.1282953 0.1748768
> yst=apply(y,2,mean)
Error in apply(y, 2, mean) : dim(X)的值必需是正数
> mean(y)
[1] 0.4806687
> yst=mean(y)
> xst=mean(strateSampling[,8])
> xst
[1] 71932.97
> Rc=yst/xst
> Rc
[1] 6.682176e-06
> yRc
     里程 
0.3855974 
> yRc=Rc*xmean
> yRc
     里程 
0.4870553 
> yst
[1] 0.4806687
> yIrc=yst+bc(xmean-xst)
Error in bc(xmean - xst) : 没有"bc"这个函数
> yIrc=yst+bc*(xmean-xst)
> yIrc
     里程 
0.4786685 
> y2mean
   贬值率 
0.4633779 
> 